17.163296916937416	6.292570990079149	35.591033544515746
40.88910459455295	25.917110100738185	36.03794278596065
46.886511926461175	62.655392830559975	22.49970544918973
2.4340766720419458	8.890323389087229	22.51030924503464
33.19306721908279	44.6354328049696	22.499705224941078
9.986995148774213	44.835288975472686	7.424715509356376
37.39751184145852	31.222717768116404	33.38175212419086
11.927548313243097	42.520979992196615	7.890744301074111
25.225334777468124	44.18289637083637	22.499044909133815
46.34561620996712	48.619232667819446	22.499705449189552
6.065633165582823	28.443733517870797	18.546164480586246
0.33233089583423747	39.19705621463798	8.352115484163507
27.426751474669324	64.05317196650816	22.499633361565355
4.777697290605104	74.25816609557377	7.149153413216504
42.26432917975228	11.617445840283958	37.8747790738605
34.78860290659445	86.96080725358605	22.49970540372211
37.32979318453417	70.19704921096705	22.499705445608818
40.880579059661876	50.11306035797646	22.4997054490872
18.390299929286925	90.44883353199602	21.60063866870982
33.22539349889868	35.69670483618508	29.5593850721315
26.061061836838213	39.80621715964408	22.951565845933303
35.24709220521852	96.32040498769632	22.499705420444503
32.28585813915562	74.90479890656783	22.499704893511396
14.512691216838725	33.473630149064384	18.843869872846064
32.86365263211058	56.38808912019434	22.49970513742763
46.10646099625793	0.5521190151260069	37.87477907387733
37.4392480395638	75.52092794822724	22.499705445980116
47.22124109036886	54.97531681097142	22.499705449189804
12.348863671356213	72.97629205509347	8.067379029502604
4.127485710041667	73.41707699488028	7.142841101248224
44.98840261907879	91.00947723851637	22.499705449188298
2.2238548338585575	34.35580371435321	14.026191950166194
9.349529023732895	94.14217775437534	7.345114313386324
1.6602938065496342	50.38144698319058	7.131166815733672
48.08727860905503	65.4730681272821	22.49970544918991
3.6703265512068874	45.37545138039544	7.139479232300049
36.547523847756445	32.04391210948706	32.82665108132138
11.483366193422173	80.86835561031457	7.742047036628604
5.972490933002844	30.939275507236154	16.88763955705353
1.6049116398692498	43.5472601153876	7.131035582866423
28.716330457952992	46.420630361780326	22.49968566257273
32.43220803255649	84.91316104036434	22.499704969184872
43.47479452920345	89.69302276524486	22.499705449182308
9.702469720281886	43.622785336924174	7.386175168360101
24.399690661865392	32.604999392349875	32.4151865944043
9.45550204766703	13.375759618506166	22.842370749318786
20.993097726095495	9.494562163002417	37.84001819760395
10.888980030426643	88.8623962977046	7.588137038161856
10.199571542483055	93.99023675095805	7.457131676813643
0.5202492705378869	13.882468594356357	22.503781178250012
32.82166421814107	83.40527293610982	22.499705124055332
8.667555552655276	75.05074069346561	7.283031728302662
49.22321894662046	45.451927188002564	22.49970544918996
15.172045866731088	17.81869772696646	28.677463096886854
44.37310767759799	21.356236231022052	37.52190024716527
33.57859546013607	1.4678269550474132	37.87477897209418
36.27006725780968	5.5415001778172375	37.874779066980345
26.87725526763875	14.643351120655845	37.874695539729416
4.459775306354397	31.37455697083794	16.537931288865583
15.300071863634408	1.1201652088522196	29.125429936737333
31.074189120507135	12.5785624283823	37.87477782742184
29.503632444548504	6.9988805509121566	37.87477307121129
1.2025818462096327	6.452618117926678	22.505437223523764
30.082761570575034	24.403615368819654	36.590084630586645
20.713993134735816	21.454973467326788	37.44773910129787
42.65775755668751	70.52464263971373	22.499705449172602
22.673613001495568	88.7476556781874	22.49078963261059
34.29702463209018	32.04950267052079	32.82269333592912
2.0235887250896756	38.355928710596196	9.53387330803905
15.68365635400334	12.492234415823456	30.57213057392069
16.121016401890074	53.38611834390656	15.416863874139496
18.48455951780863	58.57448947522717	21.688942847104165
43.175378755614005	23.604259602666065	36.855698043873346
43.00590653726117	94.37391772388625	22.499705449177714
39.87308442262449	2.4287076252003104	37.874779073689815
29.56727326880811	75.73445458303452	22.49969701075229
25.13448600411239	61.674367503794294	22.498981403228985
26.263339487022474	69.60203015203832	22.49947344925458
47.994579971318515	89.85264181110078	22.499705449189904
1.9925871182897015	91.04621600220423	7.132035197150388
41.074921779682995	48.222613026791684	22.499705449105356
17.66405727586336	36.627424293324275	26.566184329666676
26.975728238896462	6.337664722769631	37.87470340661068
28.704579591557682	0.8774808556132552	37.874765711181624
49.82223859900709	92.81472873716598	22.49970544918997
48.07262199145858	84.72685846702352	22.499705449189907
21.293230928673662	78.09601432389779	22.461909176949444
18.547716022267718	32.0049325939344	32.232072750937114
10.981060466602715	81.47510359335845	7.609158943890565
16.316629531965905	4.741773660157989	33.031691874096666
39.30089730035438	1.9766268429703637	37.874779073544744
28.703999063698344	65.27061926488354	22.499685416613378
27.24351169853616	89.38349611400095	22.499618807063655
1.0031781716337507	51.07762214720872	7.129820975165413
33.98081556913354	79.96395770655019	22.49970534719935
10.335848692804406	61.455763043308764	7.479714216558085
37.74124581219544	28.82949843964494	34.74838858059826
35.496880127127824	58.18832333511208	22.4997054267986
31.489291068472426	21.7736778181147	37.40634686858934
7.776542870013553	42.596888738613906	7.227402728504468
42.61008632436115	33.138168167238845	32.00057891164316
35.81801017229799	48.26049929464652	22.499705432949163
36.572343090180674	60.52669409032659	22.49970544155179
46.082822850069164	7.181630340575806	37.87477907387732
36.12755277704951	38.20988679032445	26.0879356888494
31.258495258166953	42.017591437141654	22.499703896155854
36.57726906225951	27.688158084993297	35.29471569650175
30.195409790480593	55.23286251551966	22.499700949464124
46.70970073601081	76.0774706814483	22.499705449189683
3.209957490559401	78.77289357126324	7.136785363125367
17.758006501491742	57.88997960743194	20.7295526201448
14.73430353869109	40.27300582627612	10.720264102910912
43.315492308261405	12.169821015584326	37.874779073871686
8.69746260920648	36.78473242151347	11.673404087561781
44.52348956054098	70.75371923182672	22.499705449187296
13.045489046198549	10.365099560399715	24.427667893303163
27.38671798715747	54.000750021076094	22.499630406598325
48.2823480809185	56.71713892638523	22.49970544918992
3.9139290423110706	2.086226593758478	22.52189917250737
12.61252588660679	96.72031509223427	8.200526978921854
12.664163497777082	87.00154886099801	8.229025447701888
26.13327050154662	14.383509677730544	37.87460257301485
18.227420924614773	94.3068831165966	21.425926660573296
11.79604825899807	13.415824871980275	23.549520797211365
18.498730225884835	28.576744649000563	34.26900541245326
7.287055668764076	58.810763638806066	7.2056889284549905
40.71807470108983	70.64190819344597	22.499705449069065
5.819726242545137	46.289380876499784	7.164657675816412
36.239916972687354	10.981524524761632	37.874779066769214
9.709482457181506	15.244120311282238	22.88712491888685
26.18652753669362	93.8173526933035	22.49945480603601
15.501818655698301	68.82102835986707	12.977755182146774
17.627173630143623	68.15452251372936	20.474264924349256
12.55501658540395	48.53372702432374	8.169769508696309
49.193354953600874	65.4804586845923	22.499705449189957
23.27471879282765	7.177317072236211	37.871574258383546
36.77128464401622	12.677594189228392	37.87477906969941
43.21968819165068	89.29167986427737	22.499705449180077
9.002640083185904	62.446915238895514	7.310996381838747
0.5226587798832616	97.41681226977651	7.129081770584561
37.944799121095265	72.93332624893651	22.499705447253895
46.02018608313744	43.946824835850094	22.49970544918939
20.371338673786905	30.078492667637967	33.99972442065506
21.507566256127426	18.151635979955216	37.85465892581122
5.060787384543603	12.541075341304564	22.53900800271848
37.25915894732481	87.58423646456949	22.49970544534671
15.716200010961751	70.93598918589826	13.778215922391718
16.92133042958025	12.420297219579146	34.987922110858435
42.92134841242471	74.23890691863284	22.499705449176627
43.70066522709408	14.963826850132856	37.87477907387361
41.07177961688038	45.133263857064364	22.49970544910509
4.192234391199129	11.742399771939137	22.525203057116123
42.0311589578178	54.463402204816305	22.49970544915746
29.09567706025985	65.59156350599348	22.49969191758045
37.851232303379916	54.688607627508866	22.49970544706399
4.948950116549078	75.68043490279125	7.151184311042593
8.274063208038445	90.49520462737925	7.255483578015915
22.49795920199329	8.302275433212403	37.86763987832883
11.34348094694701	93.34115947186311	7.701686876331916
14.784148641536026	92.04500820297883	10.836679625274583
33.407046995679146	38.27866383168217	25.971149455374203
27.957842103825996	10.809133137201199	37.874750830341995
23.303595608993653	56.62129513227192	22.495044379570736
34.94633925213464	81.29395594228112	22.499705410357528
3.0620525886906225	20.67710584550565	22.257892190324934
16.241962433016543	24.563917713960436	31.13564853548467
4.0386908001325885	64.15998526632526	7.142126887266171
46.94488961854189	26.08398347745745	35.97270338675039
11.164150532072592	32.960878987286215	15.953016739147085
23.45082137032727	26.951357487305916	35.61525142283918
30.328553515577383	2.567531392637734	37.87477644528484
40.23767904218789	73.91469301468949	22.499705448994497
49.536643415041794	90.99805429498944	22.499705449189968
30.995990854092597	63.29230932137987	22.499703429671676
8.405667472698125	79.7349989598175	7.26411910855112
48.77470553922256	74.33332795967189	22.499705449189946
28.524041622444717	77.00370169825985	22.49968145857128
20.538973450197812	17.042082818590988	37.81812808038903
22.406961544203373	83.92086008411366	22.48795273032464
39.76456789114555	85.67369656650175	22.499705448876224
42.90435883227977	16.764404263462374	37.87477907386863
25.050762745262567	97.63468599072397	22.49891745567185
41.08573278874807	76.98310516491352	22.499705449106262
36.02939711748107	82.1312845245444	22.49970543604382
31.969621958785932	2.2664870126883896	37.874778564993775
49.67817478534462	38.90502759560165	24.83802961081203
14.445151374896387	72.32423362770305	10.119679482203368
44.83805878379703	61.49107824527695	22.49970544918802
38.52284707746449	79.77597378802001	22.499705448103864
36.06833728484103	99.61574022945605	22.499705436545916
25.34047090688364	46.25620056421962	22.499117418953777
5.340018112849798	14.536361809671572	22.5448667597044
3.0728077167793186	84.76986780709844	7.136095248982539
11.364728021666421	90.47746201331644	7.707638567210908
28.25864084999098	80.13959836996648	22.499674148713996
37.09539808110618	70.69513362234134	22.499705444662847
42.06715502099776	60.724768634625825	22.49970544915861
4.889936638977127	1.7186779683405318	22.535803112389495
33.90314181067622	25.601782312345133	36.15873717029937
27.968145667210347	36.07797464299253	29.116112546918583
1.3902350180956702	66.34620401503796	7.130559845141025
17.764214911875282	22.821956104309248	35.84793785739617
10.890234568948065	84.3166465904884	7.588417202650859
40.52038886353978	20.187859533515805	37.82784570074407
39.06010337409295	36.68487820832817	28.356370018633307
26.729397043333712	9.630650847398503	37.87468216114167
31.46034555603862	94.85876972443843	22.499704180148882
16.757590981447034	49.69444134839546	17.96477662103829
29.31925267479051	59.68907503273005	22.4996946320369
44.529513541849376	79.53520036172873	22.49970544918731
19.502387688892902	96.49422123915026	22.23669401405113
20.241901920704425	87.25207824512388	22.382802750242057
9.743423609063495	29.2969853899575	18.324607778729114
39.962564674315445	10.329562042636809	37.8747790737059
40.1029731710234	53.09409926474464	22.499705448966306
9.315980560415843	92.36441183460515	7.341560826630904
48.84743341303314	99.95878835109967	22.49970544918995
22.306433578790024	59.60724714677769	22.486658716706895
35.57420842619829	65.19990194210527	22.499705428464935
28.36929979788994	78.39700933276296	22.499677434537684
14.383662697405498	63.45508793346115	10.007257259035779
21.7508617958588	70.23014001111251	22.47638921615235
9.092779057132827	62.91393957830698	7.319322281998208
49.10558110155064	76.64332275742697	22.49970544918996
4.506708538416299	17.09991652967614	22.52952988622553
35.81469025590644	10.360838429708796	37.87477906300194
17.14269632596444	19.17350995707884	35.543865632450455
48.71858669723127	47.82873574379413	22.499705449189943
37.44772002006147	65.04757333576876	22.49970544600719
41.78551960366511	38.09185051123769	26.28509475373971
43.02873893149975	10.038179588479167	37.87477907386969
4.05516407779899	3.8662499603711487	22.523518693174175
5.55560572678448	87.95712008885307	7.159941192256359
25.681291687060636	46.96680651553883	22.499288516060428
44.27282996566441	97.7570858241491	22.499705449186525
1.4369584891157694	36.35949200345572	11.974433075566727
26.659309658923082	25.172482294639174	36.31805918342105
34.86302471305171	91.76159076549709	22.499705406983335
37.238851573992335	67.33651754965415	22.499705445267864
29.772200597358424	24.105549514258705	36.69107687074137
42.212137488454935	43.11609413286236	22.499705449162843
28.96275947300569	18.611087052890806	37.8747687563697
14.491882779304099	81.53971905428955	10.208537121446238
7.419616873291951	7.537888223424849	22.626300608698013
30.577078270011103	87.72083607721508	22.4997023780633
29.155088613653223	6.239300128652614	37.87477056408993
37.835077590662806	41.82316558463128	22.49970544702937
47.57220993446622	76.98738926839785	22.499705449189857
47.79549970156511	46.848453832825	22.499705449189886
3.4835850521779177	94.60627756745488	7.138311542083865
0.6362707523294764	69.18518405137459	7.129240878200669
20.6204066792797	7.775510183292889	37.822900548615394
36.138970951013455	23.14069620933077	37.002361687883585
5.472985211397385	92.72270370812544	7.158588106019502
18.089672909558573	38.625800086874385	24.124172460801798
40.609060473762405	7.098363051018919	37.87477907378769
10.441889390912124	92.95692783730783	7.49833353746761
19.01639438951713	35.519059820136775	29.349875444791408
26.831031617186714	40.966407364791834	22.499574343930163
16.18173808879232	32.95061559876058	25.654752970076643
34.03458604541164	65.56581773964521	22.499705352539277
40.412035831599155	52.26647780523953	22.49970544902577
16.249540720094462	18.92530382841254	32.78204876435086
27.286261752254504	23.88358843522861	36.7647078396294
3.8601514188212893	95.69352347585497	7.140782945691817
34.312601150794656	47.3229452729399	22.499705376000254
17.768992450080738	76.04247773100758	20.749658159919512
0.3348284611751018	15.644668342935653	22.503420457117468
13.466211658766708	28.859432340544167	20.57154915863439
25.297877362656045	89.94388603367663	22.499091576589148
4.106993257965624	80.2284950270854	7.142673458935472
27.10164797535474	39.863705808315274	22.819504228535127
23.60785375678269	35.0675311492826	30.236753724781885
29.22331666073336	81.32121365724383	22.499693541291066
18.28600605885257	61.22510190590217	21.492190387127348
7.6063914016723295	69.2900853575859	7.219258913509319
42.801666803191374	5.578617820579057	37.87477907386765
49.01226389325421	8.393773690642082	37.874779073877676
46.7937658003927	93.89437944736162	22.499705449189705
21.075284255715832	76.93230213272186	22.45205095348636
0.8458755670743057	43.00981443106583	7.129559204301153
27.181046821501948	37.232275791108435	27.60671928680683
28.931390960602993	16.851491747353663	37.87476842705176
24.659761447989588	76.95707242145302	22.498534846910115
16.838267141552656	69.00511096441618	18.25598606386853
15.427511422700835	14.70412362855834	29.591051841001377
25.52974478780719	66.41404338846117	22.49921966773722
33.314193650572214	79.16251762767344	22.49970525052752
25.64822388594753	77.31110955860872	22.499274381032038
39.340083490867706	96.12548181880753	22.499705448710305
14.648198659285233	10.592182770571501	27.091527308535944
48.035348421943155	19.2744834533475	37.87477907387765
32.26684860862762	42.32594168441225	22.499704882843837
8.731129475285249	25.820997563382374	20.188644051221072
42.599523339205604	29.549756801616113	34.37151237974663
7.3449925197430215	44.34188950859957	7.207996023577666
38.75988418712362	53.9499301263315	22.499705448333078
47.63844483633935	10.295394774652555	37.87477907387761
43.69853967871151	96.58536197934468	22.49970544918385
31.92517081696238	43.40434757850314	22.499704652075017
20.526304645474575	82.46738731396972	22.413815304648423
18.881152507360472	19.28438054276218	37.52154833575932
25.91411859241677	10.267721735572854	37.874558992995105
7.399901857524604	74.03313450124985	7.210243842049737
0.3637314778010603	63.32171389399176	7.128873823421337
49.27228127941732	35.707957953196534	29.5466532539248
25.230363002787374	53.141837180257056	22.49904825584089
20.404667668012554	68.55720737765671	22.401735965994504
5.146590078970198	52.32627435700439	7.153753226842339
38.398560925651026	52.12806813172395	22.499705447960125
8.358303474215889	3.8467492270546133	22.70052513258714
20.86544853075516	21.619260644071193	37.40941443539184
45.123271581366936	47.61162720656862	22.49970544918851
48.21438556364466	0.8659431757162328	37.874779073877654
36.39610199481213	69.4400239362508	22.499705440079648
43.51185288901455	76.80013724364608	22.49970544918259
26.159883025363396	85.09712437620969	22.499447993933877
27.322655468387	24.495727864352958	36.55833690436364
47.485846041301194	23.469173657946783	36.898975479761475
41.8653751962845	11.902303763879996	37.874779073852075
34.73009458272621	44.252484175505366	22.499705400982243
35.88445633831866	21.94221601507509	37.358703765740714
22.787004668806848	29.741332666308285	34.26073622422308
17.40311896454348	95.94241607019806	19.96525733102085
27.861925970467265	65.23377067732504	22.499658860732126
0.5752629021549938	75.80092090270851	7.1291543180420165
11.731837583912352	47.55955937163099	7.821075895470704
38.872323461745864	68.07147323640909	22.499705448424212
13.462660724991816	82.71158098831165	8.806207392229624
13.892984132904395	86.41609932618816	9.27004814396974
4.233037039750037	68.24427419779767	7.1437321957775355
25.260969652286974	83.55626264802554	22.499068262819424
39.77879848536381	26.275290560243903	35.8967600319355
48.27028393665099	91.96185444849837	22.49970544918992
39.85570910322901	63.295897485794214	22.49970544890356
25.444842946945062	76.13240327829189	22.49917621880518
39.11958463427258	39.652333327868405	23.29827344738969
39.62205980054592	34.05762362514889	31.216178111046524
2.5762962786224533	79.61625969266967	7.133957009685099
37.68323156669441	89.66065448801089	22.499705446675062
22.965073467566633	42.84951094457939	22.493105264430902
26.153571527736286	62.55400813247057	22.499446353274596
5.237412148378762	17.373622103107177	22.542619201198974
37.914840210833255	77.5960027010299	22.499705447195016
23.582510010264752	58.06149578448232	22.496202287774462
5.32186346308226	1.3776860253564616	22.5444607280658
24.64188915573489	37.117188010979206	27.768763808344936
40.684351203151245	80.97285510959263	22.49970544906492
39.071427173059675	92.2190552989494	22.499705448562462
31.20716290049106	75.1096910556384	22.499703814309683
0.5401229638258676	16.442333418909037	22.503821860733403
38.52708939368522	71.61554482760486	22.499705448108465
26.478854738638784	90.73674724951351	22.499518662950372
34.15893581456147	32.967142280488936	32.13688220269731
38.13999779511702	68.24914553193095	22.499705447597226
22.908045262258643	29.408567294362133	34.44233503616726
48.98293300318751	14.639741128564642	37.874779073877676
47.131451012500364	33.02475363377743	32.091282800751465
23.454384255086786	64.16219369784926	22.4957116372508
28.930643031206298	1.7430027949296156	37.874768419072645
34.50082874556565	46.84502696200917	22.499705388558915
17.18184860398808	22.211943832236802	34.990850883492044
39.53081370768536	17.092805339697982	37.87477907361314
7.9978732040831	67.74852932122101	7.239059952177552
47.73691762100122	23.8591156107382	36.77281008528521
16.939156909910864	87.45489355963353	18.604935411543234
21.760842658364492	6.330271168800916	37.85937159468795
11.369499856240973	14.92955428962992	23.35664440548506
23.173112032196812	44.184294837606316	22.494376497827762
25.787203827569165	34.90868430400932	30.401932386270207
4.030733288689464	1.674442030769152	22.52323034964613
12.651650821256865	9.867895610587318	24.085373647525934
10.49820022063609	50.994742270665405	7.508612016048957
44.23890993740875	56.452218152236945	22.49970544918641
44.1334851926655	78.83825720224739	22.49970544918601
26.140709288357606	28.529628800482953	34.89748709522311
0.16641908545180772	82.25600216159218	7.1286376018800786
40.45023922312977	76.88698685907559	22.499705449031925
21.340424380210766	93.5379322815753	22.463753812971998
45.7530991429525	45.75636131564183	22.4997054491892
16.664182545343113	86.83059877406616	17.615314856181598
27.850632076688274	35.50772593123648	29.770106805109894
12.347557195117053	7.00745965818389	23.86730983353079
12.826998147046808	54.408720082862175	8.324749131140328
2.5964427976374105	34.76892215454372	13.633344513507199
16.387237660799787	97.35986733396163	16.518010218061093
14.77662797325418	21.31454626664242	26.96435978710214
5.943214545086334	93.11170001869674	7.1670835371068105
36.00812264897392	83.20981930128943	22.499705435761125
14.023301966194273	29.54894030102895	20.960036609025515
26.24046648919794	86.5387933178249	22.49946804800242
2.3734798312623373	57.02751005070671	7.133224950147587
20.59446308317113	85.89455244508596	22.419906907404812
44.23982116481576	76.34972019827836	22.49970544918641
36.38333381871524	40.79381256687806	22.49970543996258
21.5966682580271	40.3789183273458	22.472282170483812
32.24546458150192	88.67923995188495	22.499704870598798
19.960495438888564	17.6558776128796	37.76834292296319
14.27489864307509	27.218804147144372	22.925306353015145
47.67970071051346	71.7371292032676	22.49970544918987
17.20959312950602	80.90119450691766	19.448374803001578
5.59600116175325	68.91620759232833	7.160623191794436
43.694878358043454	46.00162601793028	22.499705449183825
18.408542957584594	78.67042876973525	21.618421872059596
30.439301251798245	25.021340451414233	36.37296408552528
17.97299479230255	33.84415065480325	30.16537976307501
46.66002674240391	42.89523493313479	22.499705449189666
18.002216521457665	63.80673474012358	21.13123606183916
10.731228089147294	19.07126862912454	23.132136403835272
8.663737273457928	77.32758437298129	7.282738419364927
16.82358776941984	98.45398464059876	18.20377662699536
14.090137696082266	45.55663680421201	9.53498410912102
43.56823490469549	29.559811869224937	34.36605872521683
34.35473669164061	25.15089387163425	36.32603495872043
37.321430123298896	86.98637337698662	22.499705445578744
28.490932748112584	79.50773267607212	22.499680649311035
33.64439912841713	2.1678248194267336	37.87477897857729
38.9120848676281	52.01708956001504	22.49970544845406
38.53883628515526	34.177589284253266	31.10690834350266
12.557766729708048	43.049647214139966	8.171217431668179
28.251497767769767	94.92128679276023	22.499673923814843
20.615841472940577	93.84794585531434	22.421725126534856
37.43465384678164	54.05283344684387	22.49970544596533
37.46654946894418	91.45319065887914	22.499705446066564
32.56927690702871	79.51789314183765	22.499705030684495
7.69858015146847	15.949649926482401	22.644955074960617
40.725580282878845	9.488915606353054	37.8747790737976
29.878901960609376	64.89772336535474	22.499699272245532
27.42266637243468	89.38281017926792	22.49963306545309
31.632235830419862	33.565478300944704	31.64726556651551
44.67271531976557	66.03415441940726	22.49970544918767
37.28719815307522	35.4926746216938	29.786691112489088
14.16220409791954	10.627485763090638	25.985005531722397
35.08218403685205	35.518574945875294	29.75820268712682
28.256934949631418	36.96963785359194	27.974560881646056
13.130384248200105	84.77586373576554	8.530338164960938
16.62225345357354	81.09751260984729	17.454552521639183
3.344485808053632	93.18698036194365	7.137509712770405
28.750418133141743	61.86744983512963	22.49968632686578
41.72259889269907	21.52169935720614	37.47651011860899
27.913727820465056	66.80068699164073	22.499661218968804
2.0270409764687747	97.04599075102985	7.132133755450965
43.09023875413154	37.51480994266257	27.193221469093658
13.056042059778623	26.8753333937621	21.309742131776513
19.347346042980114	27.411323317606872	35.191340338246185
12.781095581253199	76.81414262823797	8.296825073856565
38.55200930307803	87.04961054467377	22.499705448135078
13.740309313384724	85.27109274716341	9.08922586715919
17.637035657758286	89.94739839525323	20.494550331961833
22.99059439002282	67.81031672776025	22.493276430931125
32.54622038314437	49.806927860563654	22.499705020920462
18.181790645917584	81.32554742652434	21.371487614966224
11.37044353558671	60.91953390035015	7.70925027455517
36.96815460365769	15.389199027115264	37.8747790704461
23.33314911028227	76.82529134933459	22.495183497319324
15.277645781361858	22.349237215275075	28.19382168198817
46.513144175441866	70.40713336646617	22.49970544918962
4.2453712710110505	32.34000470438212	15.788986787225197
41.060688857944676	65.61279652972766	22.499705449104145
8.440967981794568	45.93392187360005	7.266530716473587
8.552307809427283	58.611288959025764	7.274412942645761
33.26032615199179	15.70507735600989	37.87477893394338
0.6291006425711843	92.86338418962218	7.129230567640953
10.017547848108338	92.57861597747741	7.4291743495312526
22.190459190604656	48.79881769770825	22.48498468059548
36.74087967791815	20.374450069287732	37.78063083163835
8.304254538140166	68.52699223310927	7.257416201416036
37.58194893476274	5.970902806571399	37.87477907202023
1.1202674109912103	5.103714401211413	22.505206254620447
47.7234734948997	49.09535877268869	22.499705449189875
35.14856702923714	29.568803871101334	34.36117697971135
41.97933605314283	54.6498926885488	22.49970544915573
40.30495032033653	82.89544653665018	22.499705449007212
1.4083580815118235	97.85739616542234	7.130598065388194
39.98967684740642	13.606049286027467	37.87477907371049
34.58387515337756	76.89963751767512	22.49970539339116
25.130604344648578	12.070714650403659	37.87429391226919
24.47978962566327	30.5327326809843	33.81000932575874
33.499238684244965	88.80121261864268	22.49970528409356
21.883752436305258	88.7391567497701	22.47942367654915
1.2175708980991518	45.31073153738272	7.130212543919955
42.4744484592369	97.99017838791275	22.499705449169106
1.387382164917067	69.98651397695423	7.1305538601279155
19.141933558649278	55.72092912779004	22.107790365318913
33.53053861827654	91.07192802012428	22.499705289181872
38.94398564904025	36.634324963625474	28.42238602984913
2.3877950106754584	73.28751778709751	7.133274225518842
33.58191635543227	99.49489723276336	22.499705297196382
25.630794551471638	62.902536189736445	22.49926673813941
8.679596398514299	17.38597036308167	22.734687735792168
1.8549779337184602	42.57386909160266	7.13165803302449
23.773735974335423	46.151789951054354	22.496823846738145
6.063896060776336	18.526379653405723	22.564419353931424
6.5840025356316385	28.11001354605245	18.765369414577158
14.42130984050214	56.914066577930896	10.075491708742264
32.42476484632482	17.98731214179492	37.87477875111079
14.569802097413254	25.98040912475552	24.309236119817662
27.66996569297292	26.909210930195815	35.635895520445
15.561040696946831	59.009258674004236	13.19250295242301
12.661665536934253	27.887038579441516	20.376937948209846
36.10469344245968	41.160927035702585	22.49970543699737
45.43507684781742	86.78886527440581	22.4997054491889
7.729699421477132	17.018376199665408	22.647197121663105
30.954666670968965	72.92963548172109	22.499703344416904
49.82396931442349	98.63156162094043	22.49970544918997
28.47243821312886	25.60650138313385	36.156935550030155
22.5862168862409	39.990469091462685	22.512613067274504
31.418356170882856	67.29035792955655	22.499704125701985
24.058772689119262	68.09507898459177	22.497550315189795
11.021554625848745	24.268141651131025	21.437629046043778
19.369424279160402	23.566403625670883	36.657877076262565
27.954656578721227	36.78284686888663	28.22690657232981
25.729765729690968	96.27172260489341	22.49930840002047
46.390691143550896	15.678802720744011	37.87477907387742
35.64565193383717	32.14917459935459	32.75170609768261
2.480721963036303	58.87745823149846	7.133602799943613
31.442034136696222	67.32854138794846	22.49970415668583
4.212772821647154	28.005498237344085	18.77162451921381
46.642594519712254	86.19380095899595	22.49970544918966
22.45370469303005	90.32434703370097	22.488509248354568
13.599552718337964	97.67106025241775	8.93895446713102
47.249134030727795	24.66151931801224	36.50074965242262
48.86882484893181	30.560313991803124	33.7945123464883
17.438138098776925	96.38475125693093	20.051034831260456
29.092969523403767	63.612250996167866	22.499691880837933
47.08562488404728	84.58581120575776	22.49970544918978
45.891380437430854	55.53656090137131	22.4997054491893
15.927940608201146	60.651951756113554	14.621227751200909
16.576325345196764	99.31788466048216	17.275949427133167
30.34323322807167	27.0830861517384	35.56181834896376
3.5758990988503325	67.16729361749168	7.138875204812646
40.044389470915775	54.282823970822434	22.49970544895281
30.571494822714595	67.3627085166682	22.4997023608554
27.607703980943043	16.360050068112297	37.874738948043536
46.54505884412146	27.972277696680116	35.16412151372732
26.876033699469943	64.50356015993329	22.499580139074418
33.10780994754714	90.59861191241517	22.499705204979396
28.992117719766703	64.43412993606886	22.49969043871484
22.733535518013593	30.9131245139192	33.57187921064526
42.540631024870635	88.6909805956969	22.499705449170445
39.60553526465277	18.58312716299708	37.87477907363218
16.203999391954948	66.18423014062266	15.761641430337518
17.906113260687196	94.60341586752146	20.984145539368583
27.659555781643352	91.6870236842476	22.499648377001762
22.87692140243981	25.866599059223518	36.05249264533623
37.09179192657009	76.49383762627389	22.499705444646494
24.246556316836234	58.84531258634914	22.497925016459728
23.010304321765833	12.383057408517661	37.870573715369815
30.64976248829791	40.09677912421479	22.499702593513547
34.69040379162407	82.47670382967263	22.49970539903018
43.07850768159421	76.83315006114451	22.499705449178574
30.703972693722697	2.6710267359701945	37.87477726853633
12.956554958518929	19.692507443061068	24.343564377080018
48.33690283993276	20.49598702309561	37.74955084503678
10.390525514447758	75.28793069508303	7.489196700109755
30.595445509072643	36.20883267772855	28.958177596267006
30.89268023219817	78.20108839232715	22.49970320973676
2.4622780739854355	59.2373574559547	7.1335363678283406
5.092489972456726	4.901286630802959	22.539633130246862
40.131288050644365	19.55630424513507	37.87477907373257
19.148826117479977	67.39728247045623	22.110772353304135
22.39473399039429	36.024810393040795	29.16866645099689
34.44996305698107	88.9283594024892	22.499705385394755
8.067916348892451	41.104925480128344	7.243018652022315
46.7286876454373	81.54594525811004	22.49970544918969
46.26743861080715	17.849396513166848	37.874779073877384
22.005832110735124	44.15775049073364	22.48185638308195
12.81648621818745	16.671100556846252	24.219477027423196
7.344757871195523	7.329879385526228	22.621710838442535
12.529888759327823	36.56933933907809	12.956396436882079
18.077404410738456	47.099276777457014	21.23708106116814
21.69569816521925	86.0799266895442	22.474997263716777
0.5196170875354067	62.562538077139116	7.129077633749327
3.7843933719047538	1.9170125397083848	22.520510598528297
40.393900198280114	97.75970026997932	22.499705449022766
8.863064861173985	91.83630234221629	7.298796627518296
43.80061509810134	14.675593262567265	37.874779073874
24.864806478258522	74.17632579879806	22.498754359535884
25.572892761195764	42.10486666324423	22.499240357320538
3.4995206648048063	92.70662378461878	7.138407001401231
49.31927653377615	88.19708221788272	22.499705449189964
38.17718408019402	43.311571092453164	22.499705447655373
26.636959676692957	67.59144856864509	22.49954611258381
0.5605178738287031	15.845882239428521	22.50386403220214
29.959157393778163	17.3124245309323	37.874775269409206
34.67298098380871	24.08652084111279	36.69744864297577
17.946127853694065	83.9385253001094	21.047049848235307
21.371122535444346	62.17232300065425	22.464904121020254
24.146637823857926	56.48292781023546	22.497734631087173
30.544148388612204	45.51818482817244	22.499702275171828
19.975233022447963	11.976412846955153	37.77005177382649
22.056249797534637	88.60054871514559	22.482772395866313
19.030644240044488	46.54854014272585	22.05634272287991
10.508359193410023	72.42780380990584	7.510496051070232
43.74112826333776	63.872383311429594	22.499705449184106
21.513771453615277	62.82808255095957	22.46977638505246
9.395632675812514	1.6002121955609572	22.8325792479145
46.45233072641854	81.92811680509267	22.49970544918959
35.577871323409056	9.516081600035308	37.87477906009563
8.896170674595538	73.5000735489863	7.301616484854261
7.721831742735075	21.529623358262494	22.054188727986368
25.42491423167479	14.138553948112175	37.87441866601736
2.093956737145991	24.971822202527395	20.38714508952905
7.684404504234882	52.28977386803096	7.222908883202683
36.29740515694996	4.697454009884494	37.87477906716636
13.137116520913782	21.8739290427324	23.792661936836563
42.38058862227574	43.38506471433301	22.499705449167053
33.39589424585822	53.52022093513584	22.49970526611572
20.248390430674178	60.144377103014	22.38362478187343
24.458607635805592	6.844955426053367	37.87382094610186
7.458671228604147	7.627634248284476	22.628762364245674
30.74910758445989	44.77980650817095	22.499702863748777
7.421854584524079	58.13637716089507	7.211159570687044
24.744430739865436	61.59234889057119	22.49863107791581
0.26861187034675216	72.32592858102002	7.128757038122328
43.09907161399087	58.72391628978957	22.49970544917881
2.3846574468348205	48.92339220235647	7.133263395329058
2.0997236594181623	79.9438562715744	7.132347314568635
14.893279654132169	44.85948861740565	11.105698091165522
23.111647347156385	88.92966166218744	22.49402911532793
8.315443008816981	21.11340137962778	22.269919983787627
44.39847977313163	73.14261987062154	22.499705449186937
46.857692967428505	56.393393515391274	22.499705449189722
21.173678223824382	80.13105262144273	22.45679131930716
27.73797016848758	3.58870995850441	37.874743863009726
34.06000173332893	39.6990505154486	23.194249063430213
7.339289684352945	76.41863767903729	7.207766014355139
44.612123271568144	38.956648448298026	24.73866197345149
22.09751460387807	78.74726211539584	22.483486438042682
6.444980532932765	49.78368236794136	7.178615305996634
46.336552217098074	20.51787310099854	37.74392637609438
29.3304271128438	41.79362788484028	22.499694752400764
10.359878887751933	69.238688934599	7.483851181395403
40.42593440233455	74.45954780630343	22.499705449028042
16.911579483760036	26.14292131824032	32.80700720054042
37.221356670574025	51.616847638230254	22.49970544519864
35.69689393840627	78.00152393968546	22.499705430857937
42.21695260609699	26.85840641739744	35.65737596205864
35.44512893253312	53.89816075013063	22.499705425609235
27.631851721033883	59.82200568230661	22.499646768716023
4.6460924390832155	9.456983264542874	22.531674737326252
3.068027187130895	32.08273204713675	15.98263394593291
10.666355723311993	80.30154347218804	7.541010277449051
42.76513237307471	28.85057347580845	34.73773373501234
8.596161807651681	6.156307119103765	22.725304506116323
0.6182980991979892	44.46050608691743	7.129215103244899
10.685629987159334	63.9574380970055	7.544893664362067
41.52216799453534	55.81005005761638	22.499705449135874
26.890378289959187	19.68348356832189	37.874696633690064
4.940588915900407	50.48328639024655	7.151081092307475
13.644224300730357	89.67191883540517	8.985054287281066
20.274536050215257	42.25245444099435	22.386877776012284
20.72171068205715	66.56328390024204	22.43012441980742
22.21754961249613	91.2058440948653	22.48539430528786
42.03960367903846	56.03978046580217	22.499705449157734
11.788095028959923	28.396928954860357	19.52533548737837
27.70211541727317	80.74101329636096	22.499650762115092
25.643081949039548	26.7064105915814	35.72064912043479
44.63178556700306	11.75062600235497	37.874779073876084
15.338420739764564	59.323057664453806	12.413527137941841
49.516341351699296	45.758091300388905	22.499705449189964
17.429943396871224	32.420128744148634	30.418891306723634
14.38752502928901	57.929504975763315	10.014171873345518
46.90591354055728	76.02735794504498	22.499705449189737
41.426477903401434	31.312870692053774	33.32325600755722
25.508664594718034	53.69627792576976	22.499209226112125
44.51584354632938	93.2455006846097	22.499705449187275
48.86220182203467	97.67376346937831	22.49970544918995
15.843826700792462	74.0026900734558	14.281382985605726
12.347804533550727	61.60088253380266	8.066882753301122
6.2115594909603224	98.25730001985342	7.172894646812162
40.097744423395085	23.14608837834061	37.00068532017102
38.577591045939236	10.004258488523089	37.8747790731914
7.0556552010219935	85.69013425051567	7.197101157593628
19.40565132106548	98.74823565325576	22.207024198689105
5.8233125418317595	28.16356936115747	18.708108258398337
30.722509986022946	91.65587215801945	22.499702794012475
9.973774948013531	20.168047877074414	22.87699718768918
1.6131161203370936	36.784715603061436	11.49194677769154
21.327121312837065	0.9078627805273243	37.850423732574804
28.705861419885544	41.69444856608536	22.499685453954793
31.06655636852996	56.47614446687634	22.49970356734457
33.716770600458126	87.45270276555534	22.499705316374186
37.59559499986746	55.28920211564136	22.499705446444707
31.213086328260015	5.120624801513696	37.87477798914737
21.287292319327168	52.243566317141	22.461670308304623
47.52038607748965	94.26454671018844	22.49970544918985
28.388440365798957	13.858286961811439	37.87476073112189
39.71253151232264	28.184492906975024	35.064310602805506
30.918526199171797	17.949836272770437	37.87477761734563
44.87370173800906	49.18367165200692	22.49970544918809
15.102459847622878	89.52756145815792	11.677633580404773
11.58743014469536	25.304804532893876	21.155415629107367
33.747065091676205	95.74275344177676	22.49970532033802
16.527097074964654	53.106360184271715	17.08185162096498
30.653646482795278	1.8977021983655362	37.874777175289715
44.58446860620327	98.19502972893902	22.499705449187452
49.69880611214503	62.64785482867789	22.49970544918997
23.322214475939003	40.24923285822686	22.495132520604685
16.730835692027718	88.40751434098394	17.865968901477338
41.55578856727215	27.702301257574526	35.28829523649239
24.79529703426818	24.0117017847991	36.72169961727913
2.3342025303890237	66.24928955720493	7.133091544836965
40.44214963316519	46.67712066390046	22.499705449030646
34.536418241401215	15.583942746759426	37.87477903482536
27.944435978395006	17.967472422793318	37.874750448131564
0.8711882162396545	98.45649077265685	7.129599951406795
24.57219294588401	81.13098899928592	22.49842618228924
4.865259008193368	84.70923128327709	7.150170223390248
47.04054030322655	37.41890569686696	27.3357717771786
12.656551336132216	5.858507714116746	24.089187566550486
29.954205753949708	29.468316208227385	34.41547843119719
37.43585979437103	28.133618508010894	35.08841864926595
4.161106711279644	26.85634690318085	19.425784539191852
1.6992249829871964	0.5638362003073216	22.50705148528889
21.908167807537875	11.528621137950445	37.86157848431281
22.72555391949453	0.5390953760191608	37.86913833529352
6.297344431851437	14.212191569392886	22.572366842193446
17.25415188801148	81.59077657564804	19.57385604774616
39.23740261953781	20.57939645261192	37.72807004672577
45.20105225319134	43.62579366408592	22.499705449188617
2.0785797127309213	45.620239805879045	7.132284387432054
10.590156374512693	14.621415727804898	23.090957185324104
6.625692520303867	14.331817132969926	22.585208580634404
9.930798371020932	70.96409291511755	7.416682297059467
9.684706517116915	36.54995087132278	12.061011359204617
32.762998489060955	78.17726237496271	22.49970510440564
39.03701951385057	33.96436406080533	31.29995986390628
8.758221087741441	48.569124545370066	7.290157758059629
15.41441056771779	49.3795730979947	12.670592959527447
41.92653908290346	82.57104503098725	22.499705449153872
11.08720985335766	39.593525759731754	8.279467057609525
40.96040053805756	27.474007595834816	35.39092605912529
43.025582703669805	73.72749773130042	22.499705449177956
45.5697059221562	17.603514446678314	37.87477907387707
27.999748782581708	85.8017007316274	22.499664873936915
25.46213136795702	32.54307176092656	32.46260413164673
45.13694798420789	84.51138863069201	22.49970544918853
37.16070962951736	39.528861692572434	23.568530884017537
8.836084111232779	29.502350851608206	18.057131384301343
23.336249150829115	41.36202254896959	22.495197844744187
18.788709408389074	84.96792960036088	21.920068332648384
37.14355152428069	4.0740641003568445	37.87477907099817
15.100894088551547	4.977933225309505	28.438044500294048
12.086283490239873	4.059634366412901	23.705733851875458
34.42797648185885	61.06221393293454	22.499705383976437
3.2195989361106623	20.89594735516257	22.17427286139832
13.045906363073346	98.06364257565197	8.46915299843431
24.62325744677291	44.79725922666922	22.49849072552846
44.406227010164585	61.025118441940016	22.499705449186962
16.44851335843362	65.50020744944362	16.76702981706299
29.99263787161229	19.199145250449522	37.874775394795975
7.903891651064288	60.31060914806435	7.233956042146661
3.599545583374142	89.58468869027638	7.139023808500469
48.16182281256508	32.85736299201122	32.222900817130764
1.4839310419285212	78.98384622050627	7.130761225261448
18.749353634303727	97.64952629980705	21.89427281830639
10.832929465603852	1.5836322041756667	23.16355546597949
42.174508558845744	69.36639102414517	22.4997054491618
43.492607169940705	84.69120757291284	22.499705449182443
43.01981881469016	44.624793251259334	22.49970544917788
7.803041914688108	91.48256648685268	7.228733024982279
19.02221545090457	9.466174695045693	37.573164709395044
12.510608782364791	0.37269564268127553	23.979831537340218
11.166781170189926	97.35127274433992	7.654527396178649
20.218006880358168	68.75134119718656	22.379723844480253
2.1303017769193797	80.31280159743962	7.132439501874985
7.887684837965203	13.234385385406632	22.659116168880484
35.411332757202146	43.17880868892542	22.49970542479862
32.815422281049514	99.96421510585239	22.499705122019037
24.95187811262558	16.319621460088396	37.874197808609445
13.24650827304481	91.00801728202471	8.620006621615381
8.076468359089334	38.229346639217084	9.825748249285297
4.461690809256968	41.964380419087796	7.145830808236855
9.237175056292052	17.889010648004188	22.807962653164992
43.90636996542239	36.31033393027354	28.833497011986054
28.226756813550942	61.11498090558371	22.499673132268676
27.80688838910591	74.92276744893616	22.499656217078954
39.19509167935249	93.11952899817675	22.49970544863546
23.997943440733327	92.46149897239454	22.497412621574384
32.46904763490194	85.7248810876655	22.49970498655114
27.420475522422006	75.91465611146077	22.499632906145756
32.82993430238572	36.65773183260169	28.391883802592307
41.972384363679765	41.24861815271156	22.49970544915549
31.540721604106537	9.569632406647289	37.87477829231719
30.066531901855303	81.58125945338367	22.49970032992634
33.49546254798849	48.30302311481417	22.499705283468852
35.93458345033995	21.312046543800246	37.53393239023994
21.358371251027243	20.137070822325377	37.81702665470858
26.071675643791785	49.43987958337047	22.499424088810695
47.70230296819136	77.15416380900457	22.499705449189875
19.222560728324435	52.170601879671985	22.14128135463108
47.44629124276041	5.227016492325776	37.8747790738776
0.029931536958199834	11.280810672487164	22.502895359761688
3.207178449622361	22.123767823690375	21.67955957645116
34.83547542991363	22.76297812743251	37.118110521985805
7.682223879164718	57.98613095541122	7.222804957885072
18.134175674447096	22.057885101036344	36.49849778625065
0.6276592630401479	43.51703577847118	7.129228499403789
40.18249390163801	51.12893910104024	22.499705448983406
41.13418839895739	13.538974808586634	37.87477907382446
18.37344060429907	2.933857592652045	37.251179394831986
25.875738084712495	18.512138761051766	37.87455031727017
28.829006909436238	10.761412946421355	37.87476727719788
20.235800754151313	60.23940989663866	22.382024365045293
24.092387548896383	56.7916450541038	22.49762279807283
3.7360119709734962	75.59220565982895	7.139916480644452
47.286586654592995	65.19606916250335	22.499705449189815
45.47978882155636	45.7152644564772	22.499705449188955
5.0653895480689215	55.06240042977404	7.152667196248461
42.403153442582955	63.479244110819685	22.499705449167564
33.94078679866631	41.236420349956774	22.499705343033412
6.371802704145363	43.38197329491824	7.176750462674349
0.13025013025108612	41.39379660821625	7.128596770143158
38.37107336742595	53.51632402858808	22.49970544792585
7.01053145349137	80.61959427748921	7.195537212212354
45.65378627806368	19.540741779849057	37.874779073877114
11.835681112248707	65.00626023947981	7.857168162761398
31.620529064827974	71.48827230118751	22.499704368060225
20.595969212225178	74.61616643518211	22.420036410792132
10.567082246257014	39.84243566376453	7.773694134314482
26.69181408987422	76.16890315553407	22.49955465924342
48.632473257162374	5.243114419586714	37.87477907387767
3.126751022552426	3.642771733503214	22.514690396170767
14.009405046322682	84.27628065260244	9.421893500971251
3.3879741050659606	86.94182666839215	7.137754451807725
7.206818664551068	91.33572020616667	7.202600126543537
7.536364139928131	13.71878090844627	22.63380099627111
35.27749523711582	19.5755993569806	37.87477905526649
32.942743615781374	92.93963449550911	22.499705161140476
19.598858292623326	58.925541831104525	22.263250633139176
1.1021694966021511	21.491083651255604	21.928368702356796
38.89810882102373	42.64171742643056	22.499705448443706
43.214447149805366	89.4028895970516	22.499705449180027
11.244271807776297	74.70053045999389	7.674706421178173
13.641472685571031	43.34886954846392	8.982173116904823
30.088336266408323	49.30454938289116	22.49970044044166
8.454716826625724	54.37569170095614	7.267481209429183
48.74424504590998	21.5444858903053	37.47021724309167
10.516342909236625	48.48653122982751	7.5119831234205705
21.470623767168277	7.567502793427372	37.85385776105545
46.41307099267256	90.37977503006826	22.499705449189577
6.5814163550364295	6.999768972137998	22.583353749511094
13.478091156213868	93.73106902678175	8.820557699824601
36.634959688203914	12.918920864208038	37.87477906908913
3.6989672281941055	22.677074024278177	21.449973791083195
14.023077920797157	88.68901425271888	9.440582022356708
9.706095834769462	82.72467709368999	7.386634079932811
21.319735288372428	73.99471178303314	22.46295673185092
27.66070153281619	3.178311604125139	37.87474102554719
38.17954803002392	72.49635156092621	22.49970544765899
34.49757726091951	27.338756762349426	35.450733148779584
38.33998466262788	44.87596316725756	22.49970544788593
46.75319258868391	44.992567797745295	22.499705449189698
48.11610722900988	81.93765083842844	22.49970544918991
15.445656169808524	21.097102250358702	29.284504788994013
1.268510173883891	78.63597531546856	7.130311908774895
44.617549089749986	46.335735008233705	22.499705449187537
11.63331216588228	86.10226155687315	7.788551189042235
41.06623963860693	50.84355811467738	22.49970544910462
12.119558137025905	36.56426294898964	12.735909253212427
34.198483894163495	23.202022958269865	36.98325522823665
16.8441116210419	63.342807415072876	18.276673872059884
34.32624578668569	14.544377883125016	37.87477902569031
28.027197530837427	64.61050209023524	22.49966597533435
19.430768653200246	18.92400039633253	37.68360494706426
46.976091017215516	37.278409766169275	27.540575643343377
4.774380816361557	24.502613041049337	20.638545499180697
27.554175725163194	97.33609390692318	22.499642013244223
7.1507562024066935	65.23080665453243	7.200512964591209
16.19894068810718	98.80238600766263	15.740626916923151
7.84455829327802	60.70070469997941	7.230852103939138
16.602478842048175	84.7932138419546	17.377963237128515
38.91237678121037	21.448840695305403	37.496562722426575
33.574791742670904	81.02557680532468	22.499705296109443
17.199968451519897	22.55906042601793	34.92134976003993
3.336914257605633	32.4648613471633	15.679935499114233
40.526332669059755	33.41913004338214	31.770380583957447
3.995488561374916	49.74203075232618	7.1417906462792144
4.942077306507631	70.90745727176105	7.151099435093632
2.294949381165834	70.64031962264184	7.132960808706872
33.604597812149564	62.32014234581996	22.499705300605555
22.23227162376464	44.64882187757014	22.485612032842383
36.07831593270801	20.419588942984923	37.76911799167171
27.63217746984691	94.97626662845524	22.49964678788776
13.64051822096824	7.375658266972129	25.121669063247168
32.47232639208811	38.30368223871804	25.928312292558786
42.223998008472215	73.08761351980382	22.499705449163166
47.881802508183334	57.967512199160055	22.49970544918989
30.199854762955407	95.70681144260212	22.499700969438265
40.580660177812526	42.46781924325392	22.499705449051252
4.877818076494495	47.71230039248617	7.150319726632409
28.26572885547856	88.27928400865068	22.499674370291356
45.0597998831741	20.709042942350507	37.69443486718686
1.6447058027192374	2.8410512895746254	22.50685410248608
40.98247016352608	7.294619216987908	37.874779073815745
29.768282533214364	33.18485015621321	31.962873599486493
1.1478302126048001	73.8475023871726	7.1300805396723925
8.497901323864848	23.723102869847413	21.181368921174695
30.041803938018337	53.46587387355819	22.49970020163766
16.26180408185307	70.96994375681784	16.001485605538882
29.930787295059634	57.668371768752756	22.499699584873053
21.446612880981903	18.09700082242418	37.85331964677369
46.5903476283316	83.4786390164474	22.49970544918964
41.82018847030304	6.386507031094157	37.87477907385089
44.237860168171956	3.9001514968863615	37.8747790738753
42.37776732308468	88.19582243907745	22.49970544916699
17.29075249317431	20.769441716618118	35.65650021810012
30.83802471936342	27.42585369566668	35.412301631235806
11.376421944706866	89.63217272827502	7.7109409938334466
12.25538625741608	39.536613089476134	8.769338687409867
19.607254367581273	41.22406426862998	22.26542913004127
9.13635314018681	71.98850680963355	7.323478427522707
32.76561029907805	12.491012100385234	37.87477884435658
24.279738813925416	98.21443293815784	22.497984053399566
21.01635479499025	0.3590357910484898	37.84087177816509
43.122853200829745	97.78264357018621	22.499705449179068
26.283967177605504	79.14354365271102	22.499478214526146
49.366017898094725	15.866054301660636	37.87477907387768
49.96416217677741	62.8196983140713	22.499705449189975
1.5660585202118105	30.950603079249607	16.828733974450106
46.08801094005877	93.46515351086879	22.49970544918942
19.767918733700064	36.98177670048268	27.77298867386527
22.809161898626172	41.810991920001186	22.491954497729
17.515896450414196	67.84884088466237	20.233163833117263
6.641074422779641	16.742932813952883	22.58586245728187
46.01185323808604	16.83883208553093	37.87477907387729
24.121265696003256	51.33619710772841	22.49768310221585
44.38457699773895	61.83934880145483	22.49970544918689
28.733070632212552	44.081785221488126	22.49968599163904
35.356221004145574	51.09787852440162	22.499705423416547
34.73220975369039	90.568074011392	22.49970540108411
8.356766043178077	66.65418793074232	7.2608457891334695
13.1707499543677	91.12644676513109	8.560751962287412
8.727313395304549	98.46134278388662	7.28769336754123
16.758223575688476	24.85551410726029	32.88324172282941
0.5651798894947824	51.882850708036464	7.129140264241503
13.192724170032054	28.365366787736747	20.568451275973082
46.03384332838822	98.76950438905206	22.499705449189392
15.729774301702971	48.915902035680645	13.830901066691478
46.93040628215158	36.28583864153303	28.863761669276915
19.138954533667352	95.44429636643365	22.10649443091009
16.153942431011515	21.62988596936748	31.898201521402733
41.016262698921906	93.28158574420006	22.49970544910024
5.949168382801035	77.66212122252136	7.167204283837257
24.009226265294352	41.09070644270321	22.49743881527136
42.02051858468234	11.254494744507692	37.874779073855755
17.879300476922417	10.284351176805496	36.79786826216092
40.74694512372121	16.71450345534672	37.87477907379929
40.51264585287658	74.40307511241187	22.49970544904149
7.99451623423173	75.01958041188081	7.238873591301882
36.3868222377139	53.15868565745433	22.49970543999471
28.98251542192171	3.9044893253057156	37.874768958522665
21.912329439471634	28.115711716401936	35.08265572686675
41.871271549871366	31.125967720501947	33.44389157995749
29.359023581185628	97.66028571561759	22.499695054355584
49.16145331498274	1.0551900176990037	37.87477907387768
36.46556885769337	76.75325743314103	22.499705440691056
20.51916205226858	62.40060466270174	22.413150002901183
46.62986856035318	26.387836581736025	35.85149613653343
39.68894190220617	23.86960748866511	36.76936249036014
47.48168937948336	91.27241561174647	22.499705449189847
29.574817886140757	50.21599520500426	22.499697074252843
37.555076258916344	78.00863739874409	22.49970544633119
23.69742280095965	92.83872484739108	22.49659038611793
18.311181919900687	82.40844207528441	21.519457465775005
30.217914373554187	37.38765149263978	27.381737125904777
5.508979936370473	42.37555761010147	7.159170791247332
27.84945414010272	0.43779605298330804	37.874747587691665
9.27276523279853	7.209400147416289	22.81333198445044
12.66467596018192	93.64455700107386	8.229312568548252
42.865862756377915	87.22336425877917	22.49970544917587
13.331028500999215	15.375558247519706	24.72945823262512
21.598951255241012	36.432468969731815	28.6557267348099
23.475145810580898	37.62521195806453	27.02254606200205
11.394668464232211	65.1391211797182	7.716132204676147
0.4537368242482187	58.7319875401626	7.128989559213966
11.128377060259698	51.2430905060801	7.644806515298895
10.7580296755051	51.515926413074595	7.559806574304378
17.595621744636343	61.703580403461366	20.40819438968343
24.252989848942995	65.07347775010398	22.497936620020997
31.849893216682894	7.74492435044386	37.874778500242805
49.417109111380526	61.34417422245363	22.499705449189968
47.06986834541349	36.25940002506156	28.89630207137658
16.166973684403235	86.47536812298765	15.607794840955844
41.86503916219967	69.95785910103866	22.499705449151584
22.516935596928615	20.310063182502358	37.7899891978027
45.54724808522769	9.988102409347043	37.87477907387705
32.490030487674325	1.2540334212689075	37.874778771509234
6.838611898593106	80.52190380324937	7.189886544863488
3.3803052958251367	33.44802931811852	14.854303603710392
14.544209459711249	7.286664497822337	26.826377635848814
43.54564654402081	50.06629498828702	22.49970544918283
40.06975733988427	85.33484252868637	22.499705448958743
3.2345812592920353	91.88517208740095	7.1369143403503035
8.252467990541717	12.230713681674398	22.690377586204374
21.58993091505616	91.66986334612726	22.472086751887673
4.819534260625241	82.72549984601683	7.1496337283667195
36.831358971344	83.14921183737613	22.499705443294793
17.445235623366393	3.9024862202378663	36.161732314340505
13.319122690844127	88.56402325557458	8.679609477756696
7.013203453982664	32.3218015862238	15.873142747011036
29.780752403715105	72.88402617367822	22.499698634530162
19.589898277094996	1.632755658458629	37.71456595503458
20.14550650952085	95.95370443251915	22.369865259640402
9.1803884170995	31.421108850533386	16.751746328497134
30.513613597606625	24.45123880278328	36.57372725995062
10.753501347152273	67.36311025904446	7.558858519762766
24.557923727961462	10.523035528510405	37.8739127762706
21.35433526848582	23.756383563528548	36.78229398839834
9.632150676053591	97.6605483782223	7.377431438320576
9.812488891018823	0.914595263102902	22.90685669660879
45.54613278124175	34.020186745221146	31.24993132733008
28.913106877452204	74.11628226020893	22.499689202530213
25.272714047126833	83.2878628310602	22.499075776417488
24.17523124694347	21.00957916973232	37.61400975976963
28.75363927117116	49.90584696228295	22.499686388472398
9.040624369242295	98.53082338174333	7.3144609068321245
16.681638514549196	82.35555679718001	17.68155897608649
12.856594931806919	82.20288488802588	8.343165192308554
36.013085158183884	20.1552419228755	37.836037677199954
48.98830636507824	92.41501849193537	22.499705449189953
42.27425907465434	14.958757551046563	37.87477907386067
11.072703552669633	39.06203761815934	9.078857520469588
27.905770028976274	90.46432036015733	22.499660864623095
19.84996231423921	0.6713091771377133	37.754582153872626
6.426803158180955	61.8667777315862	7.17814577556891
46.13353888722867	91.97508481938121	22.49970544918945
45.962806861856166	42.63021913360016	22.49970544918935
48.540223965323676	93.1658548566556	22.499705449189936
38.46164397555574	36.97972859056273	27.96074379919505
31.10949126369923	53.200880711281414	22.49970364647476
11.954085457977204	32.910346019690564	16.321378032301762
45.213151585494074	81.28450481309181	22.499705449188635
17.1305036777284	94.8485481612121	19.216129811501183
32.71022016100558	85.99136585348164	22.499705085715018
44.76495585956399	54.27787497231271	22.499705449187875
25.276699101586136	76.91856556202934	22.49907830561737
44.613863116941594	23.037591558840255	37.03428474540873
21.603235842787672	40.579154525684125	22.472471308167883
4.183463561659767	25.605017743508174	20.087395257977732
48.41763152709809	4.340186624243792	37.87477907387767
40.78958358953518	14.30084940776526	37.874779073802564
13.29724619528041	10.741527127318351	24.691003443028592
14.547550159936067	5.086401961865505	26.83464441535583
15.230817036096505	82.82362556829096	12.06606082151999
17.851632406210506	5.988103000245404	36.76489902655425
8.515084553680053	25.902093689076345	20.122902284334586
46.265860383255976	86.17132305226389	22.499705449189513
19.344206375207275	15.256865561870935	37.66426874667975
37.5678598340351	10.47097779250501	37.87477907199387
34.65545607389032	73.24820564644703	22.49970539724605
12.433911814229104	11.573039921665229	23.925697190941236
41.33663775130634	8.66061924034719	37.87477907383422
29.919910217720957	59.75362633848052	22.499699520673822
3.05458856871888	99.28365430696986	7.1360070734232375
27.248147548518098	99.37914393211219	22.49961920930762
5.79089904580325	43.996805029597674	7.164112405830624
2.665577850628398	93.84693498138125	7.1343035102916925
7.306286841726345	18.54789849584889	22.619416425172908
16.219624816350205	26.171433703774216	30.321806743485986
2.6419737586800163	84.05891439521864	7.134210397046573
42.38684399479145	46.436403611071995	22.499705449167195
19.038395054275036	74.13357675127516	22.06013527075063
21.559673405422604	37.41018966798533	27.321521348406083
38.52548030517584	61.79716526978451	22.49970544810672
36.85366823279873	23.988189966726058	36.73019984908076
21.0256001756896	34.72778523893002	30.539366943079088
24.241758597091835	35.905847976535036	29.317709493415805
3.4552394214568793	16.76780808476437	22.51735983637183
34.76704945159668	97.5476317659	22.499705402731394
43.598585370233145	55.17423253935498	22.4997054491832
38.19809119495017	4.536766654867986	37.87477907287463
28.115819906981915	44.485887054231846	22.499669331117815
34.26732904132684	67.50593918952522	22.499705372610258
41.89158443791515	52.89902926861429	22.49970544915259
42.568962327038264	30.028572298346567	34.10557330439073
16.16224312585591	7.430444199371989	32.45056718072956
16.76266107219093	63.25198783557593	17.983378815525516
45.64233498497062	46.466805666282575	22.499705449189108
49.35794650170578	63.16238701772669	22.499705449189964
39.71251506859226	75.6610884641816	22.49970544885946
10.257036522342217	51.096204458613556	7.466475103230643
28.996324004240527	66.09056885465479	22.49969050182048
13.842045570073914	56.65364545959398	9.20751410279373
35.77372451252959	50.45638043592467	22.49970543221372
28.75054025558174	50.379339060239836	22.49968632920509
26.557299168399872	17.077666600187158	37.87466386036094
45.36008947257787	91.25930219049248	22.49970544918882
26.881759300869955	52.19822729762279	22.49958085773805
22.518067027957304	17.11492889754854	37.8677871690141
47.6246275167876	70.45318229893692	22.499705449189864
20.707964114322085	75.03388682252921	22.42908829211255
11.522880896408271	87.44073102864513	7.753965428998124
43.76453011290429	20.998040680226037	37.61835817876782
36.648236441325	93.37144944929828	22.499705442110045
5.274264747588142	76.25711847475365	7.15555185213491
5.610908170547379	43.379312217834745	7.160878336033807
43.21797248817638	60.97975784825116	22.499705449180055
41.391094884385915	21.127511157101985	37.58377395545105
18.27895101035974	78.8135383202263	21.484420941050228
11.602711520977355	73.2980503442756	7.778774553491024
11.005181207213921	90.59202086044178	7.614822416995637
11.472080951120489	75.7530636387458	7.738686063606641
10.821178008398324	85.78658739636596	7.573245139287006
9.89076744810189	55.64706858125146	7.411090148176031
31.150752370193686	31.403576678556313	33.263812731205434
39.3165902912361	79.66575784801896	22.4997054486989
15.096106047946655	64.8437060335914	11.659149189886291
45.04968892150672	34.58791706201547	30.719907916875222
48.44717691222101	8.944198815264349	37.87477907387766
47.683272015474515	39.345336442709666	23.95813646726988
3.7861752636089707	98.9448757009075	7.1402601718352114
0.7067126179409744	41.74215196047454	7.1293441612870465
18.33580957420678	20.625234966358974	37.06320202820673
47.65020494300679	98.66737429038929	22.499705449189864
26.355170100254817	28.789120433992377	34.7685881954631
6.531106487641952	60.68877962440975	7.18089810427328
41.5783435000841	50.29256311283348	22.499705449138833
32.01654300576192	73.28762867938838	22.499704721704653
45.41988981393315	70.33069919118479	22.499705449188887
17.369645734412437	0.3188621478428466	36.02202361511573
21.830219547244	3.6280637603995247	37.860454196187625
21.488310621818368	76.39063098683549	22.468960788022176
29.918687342935176	11.345165322234784	37.87477511212505
22.599837594809724	5.026312157450496	37.8683550555496
1.9228947730177415	11.170880627444223	22.507919907659467
47.37667487854504	33.69544339589352	31.536027680160426
19.583527005936208	52.01917184987978	22.259219471964347
2.4922271214094236	0.6055058702913674	22.510621686629634
45.69777375805531	34.30360475145109	30.99027492352566
21.494608097871254	85.3503564204028	22.469164604785107
45.58335948851123	97.48333997078281	22.499705449189054
16.042238069880653	25.15872674440732	30.06478794977711
39.97101872030136	36.35424944626994	28.77895654545234
11.857932376459779	64.34919707712058	7.865155105462057
7.145280256910552	94.37698724923497	7.200312160471651
48.526094843213926	61.157186053454716	22.499705449189936
32.87952382169189	82.52059750435676	22.49970514233773
10.839952376909546	69.10737759243307	7.577320035462591
38.575849974703445	46.39826473347644	22.499705448159936
29.44520040697028	36.9690091561676	27.97544321555136
21.028337298019945	69.81496571946295	22.449603834871816
27.554664823692253	3.7187743208404123	37.874736755151666
45.032254461409764	44.05173399130234	22.499705449188365
5.294453955420209	84.95995908160482	7.155846847126207
15.207409296926889	61.299585524294486	11.993097483239346
14.10837837392545	2.5898820206612827	25.881948369451898
16.126697442573235	1.5711805986525884	32.313772707243196
43.78815259627385	67.60435966798892	22.499705449184372
35.716411351949255	48.621965260975294	22.49970543121228
27.91097104111444	23.836163991243854	36.78031209034242
13.347618183395005	93.14620591977007	8.703787777431723
19.16449390300878	69.42717427056502	22.117466372765822
38.1315986438873	63.58120958707393	22.499705447583793
10.148809546175064	20.421531087000066	22.81992343077065
39.954274682327664	28.387543943393002	34.96693485406503
41.91750047942671	59.31384205780405	22.499705449153545
16.604830297075445	65.74230499858325	17.3870956415027
21.72457217150761	76.493154135811	22.47573609965771
20.29714041244608	20.40912982633617	37.69804159876266
47.47281885680359	32.16005572229199	32.74390717578701
24.32512239598553	6.874660196111771	37.87368188320833
29.49072667691469	68.43347747364984	22.4996963386045
33.68790952825968	18.341145008854575	37.87477898263555
7.70249795955078	51.28672300019094	7.223775472743184
2.3687679403436745	31.059548042351526	16.752799945253603
35.1587307276109	43.799311261761545	22.49970541778871
34.65014028940162	8.07469328568099	37.874779039023636
27.81716151085114	25.588372204675778	36.16377027283099
47.51981061240947	18.575260207416065	37.874779073877605
12.134504733086255	87.78238009323273	7.9725525758870885
32.17915311785351	17.709363707878467	37.87477866122054
15.79702121218401	26.298172245711005	28.490378838346732
10.65861933712386	40.00070968574225	7.539461634630643
8.409132965286847	9.079237149048126	22.70558533950484
45.223298332002706	25.53850026825587	36.18259664362009
13.875664059999604	48.39838577775628	9.248528368559024
30.4736101451889	92.1160460344337	22.499702043017333
14.523518949563446	32.34322335505384	19.892808454001447
35.78743023944938	39.543706982854644	23.5363903249698
17.64101552108242	51.6975743489387	20.502687565803367
35.7423848991643	81.22655896381727	22.49970543167324
4.203264603987411	92.35132106372888	7.143476090953408
44.58566566598891	76.3830151443988	22.499705449187456
1.3696440315393188	89.73079078353055	7.130516837950264
44.3159961226607	11.11616535689558	37.87477907387549
25.812079938045983	64.52149418496995	22.49934000933735
24.785786502051394	25.16930558862883	36.31861789047305
6.80624372684886	93.17775249245007	7.188875074200954
23.40078434684092	10.580987426776744	37.87196279939619
20.396290216507957	68.42246051886752	22.400842645876583
0.09223316717886787	39.93436144170818	7.232471993910752
27.361240574364853	79.859682556654	22.499628463174815
11.155513563309254	68.19025356385897	7.651656414712862
8.548760424731029	51.34403037789487	7.274155199658653
43.99121610585387	85.84850813703599	22.499705449185406
18.63500853264543	85.23098134609023	21.81274181736173
28.784693793794027	33.123337201860345	32.01249619451695
17.49494855290376	7.8672398656382985	36.24856873246396
29.21032718399247	53.72743544252009	22.499693385381846
32.470674756918385	3.8021780893628065	37.874778765598
45.922919513929045	82.95004655874834	22.499705449189324
49.66956563844685	46.55190728519983	22.49970544918997
22.19642035305122	73.53596006305555	22.485075828467803
22.849237440021053	38.623041486711514	25.35694772911326
16.498182101971505	23.02195404816384	32.70490188792306
22.569938755512766	12.114902059800592	37.8681530513985
41.967003967369635	17.335952369033024	37.87477907385455
44.75065377139485	39.77756276621665	23.01718448137178
5.6898402047513565	39.33557342695346	8.183095268068609
24.713927996905205	49.6270529245624	22.49859736309704
2.6196790498933753	6.5772979059600996	22.51133901937277
7.115389888626811	85.58949984094156	7.199225536417001
9.370741610545135	35.24232798098055	13.429365359089374
19.949402085890668	45.035374626477385	22.33884174459668
41.854311901849975	60.40966318908807	22.49970544915117
24.22637791693788	37.149404610693395	27.72282949021873
18.719445921787077	19.208575290727627	37.4513715072541
2.9511163194557986	1.256675072737501	22.51343256509502
34.144114312066485	47.61487505038278	22.499705362567312
45.86451174249846	6.092391349391035	37.87477907387723
26.33108988436671	19.26553558339498	37.8746344306642
30.507376904468682	91.39323815081929	22.499702156196385
7.931522958475684	99.33608785667415	7.235432456358597
28.119664932765716	67.6056075479702	22.49966947006602
21.60580633593863	75.84936104780186	22.472544972272754
47.7559067150309	57.02613512218105	22.49970544918988
39.595087180616176	90.53077394240809	22.499705448818275
28.654486562678887	68.27995142790682	22.499684397847904
35.82953747261358	91.98409902198429	22.49970543313531
24.835186637896722	8.71245145911912	37.87412494760634
6.812587173265106	66.5694547457937	7.189072033102251
45.28676142462149	69.83578943616918	22.49970544918873
2.286304598072497	57.052442943461934	7.132932359001779
26.837208631598074	40.469095039526415	22.499575155007953
4.3813914685854	59.43847385760299	7.145066468389812
7.837506387828952	31.373493229514658	16.654627295443525
9.080025844359879	14.198879252373086	22.785308210653014
1.1752393586768328	76.13811445705761	7.130131871580381
1.405578286561815	18.71714269052529	22.506049090241195
26.51050219544603	29.744549277984866	34.26474069359321
18.067165678444734	22.195601769497497	36.393790749136116
37.35991715791961	2.503525522822292	37.87477907155843
24.053212258560386	48.57281459140095	22.497538082541688
12.741375529492382	26.075948965093133	21.463694933513462
12.614963789436928	49.571097658522035	8.201853402288911
45.92286463511909	78.09876099369184	22.49970544918932
26.06297901871006	80.62632721439505	22.49942161454835
28.144186509345975	22.258656033540447	37.26763578679744
43.829277050925214	7.663593096787569	37.8747790738741
26.608854558528122	91.31365471855699	22.49954154716472
49.696037976717655	27.5353788752697	35.363545527553505
9.299235496492987	67.35629912939207	7.339808464587048
42.72116341146746	80.08915894311227	22.49970544917367
22.184947574765435	23.483019991118816	36.88452592409464
1.7395999772369608	65.32295873202489	7.1313611717922205
17.271734158758644	45.540918518282645	19.62230221204976
15.519255173660913	38.26723393871953	16.189387053955024
22.936013833697093	23.771229766804925	36.7969658701556
47.035733281673735	70.46859456645635	22.49970544918977
4.2040509615312915	1.4680148593076425	22.525353708943268
25.33358797101916	81.14436448811585	22.499113318206437
11.329463125361173	31.294190244981944	17.351009139986786
15.42975474688718	51.24877308692311	12.723641936039591
7.3575769636576025	26.268575976092745	19.83833002565097
35.34195326045084	44.828695028676805	22.499705423046155
31.579426221131264	53.74335741198094	22.49970432267677
47.124495200406294	28.21641475133474	35.04912493518404
23.295101107370037	84.65831838130582	22.495003598157663
45.53707945426027	37.91825539826527	26.56777805253258
28.714685884840573	30.907891972400982	33.58157265551405
18.311936281935125	72.93177724981554	21.520263551360095
43.08862982205467	62.547140393647105	22.499705449178684
28.134392127254472	42.808944781699644	22.499669997331953
31.359515298265634	36.94507807561579	28.008196711871918
12.708361410742253	97.36576340057188	8.254106574028112
9.927563757301867	96.44193035649421	7.4162264506438085
37.419110900991384	23.147524012925402	37.00023887712672
48.099878482522335	91.0554602885975	22.49970544918991
17.372923933892203	69.18950094511789	19.889403025819124
47.05505293781334	78.33757928970464	22.499705449189772
3.9125895930823162	84.36152789225572	7.141165354970611
24.192425169501913	7.824840214857376	37.87352347390177
3.278694490424039	68.65000742503886	7.1371493980875576
43.54708121303756	79.64444911349902	22.49970544918284
18.05576477073998	98.87616183972725	21.207418739499108
35.295112108892916	46.06393399195326	22.49970542179233
44.758197451061676	72.57498547065047	22.499705449187857
35.824320686734175	66.33154862039211	22.49970543305133
31.984342770094493	23.928306829698485	36.75002147056548
10.90544609101774	24.704197833744324	21.189897588404797
24.376530629947567	57.142054586113304	22.49814523864571
31.58701231991455	12.050960189626537	37.87477832768682
5.7741054358915465	71.77460094345047	7.1637983207665155
28.129781296677976	15.983323133310112	37.87475530239049
43.48262045683098	81.54139681265166	22.49970544918237
12.8898100311792	8.747328612558047	24.28320568320569
4.489907343125549	7.9167214852483685	22.52928123077892
46.28495690224086	4.956229927812661	37.87477907387739
41.10310629028927	8.892214759452566	37.874779073822786
31.630573318068105	40.70964385779655	22.499704378869612
6.009188849238139	36.36569129902183	12.012705236159976
15.372136097160489	65.96821958188596	12.526410897310283
23.677316293219203	77.37811985899268	22.49652575728305
42.124266404012026	98.77056708611941	22.499705449160352
32.529687769610746	92.9432909959269	22.49970501377924
41.710772339079725	41.69513748859636	22.499705449145175
26.19610502784101	21.565180716406307	37.46432715287697
7.809772944131021	35.20617520970448	13.319005866850024
34.216793852989404	42.056588477038424	22.499705368640367
49.60901896266758	71.86344714420389	22.499705449189968
43.89851056914819	78.82104250497235	22.49970544918496
12.29096894477082	60.49266723228459	8.04067032843598
7.917629584033303	82.12665112230046	7.234687611610946
30.16209967632554	61.07683287479036	22.49970079691696
43.5468755472921	62.82708845293011	22.499705449182837
0.3759624057980915	75.82574255823594	7.128889246983023
27.117047378281566	54.71011386132491	22.49960707828078
16.84262609548236	34.044831311473054	27.297322770061566
42.741081412137724	51.01659881633841	22.499705449173995
43.88503734447453	44.74680383485858	22.49970544918489
31.702765692773795	11.732904010026102	37.8747784092819
15.706068916334775	16.348943707689646	30.659967014427025
34.25307854881035	92.42174624851748	22.499705371511027
31.8280163026728	81.08551343250261	22.499704570712662
15.314156707965132	97.69905261370613	12.333461366091596
2.2953654170570656	20.028994876885342	22.49880723332284
13.127470663528046	12.047067653823218	24.509145893982474
37.55877989351029	32.24036201445315	32.68604501086875
24.68843113074425	49.453569890047625	22.498568365767017
14.916364586822716	91.9500166492967	11.165144790810114
25.695206468201913	45.033503021660536	22.49929432403489
17.54863667000064	61.6017916013614	20.30645848648071
48.60801794189252	2.0516278747236827	37.87477907387766
24.195294336352998	46.52350025661571	22.4978297768002
9.092920229468831	19.498693920280076	22.787104079204852
10.921706700504602	13.532740268830445	23.192232653506974
15.088706219123981	36.25539899359379	17.486719269553156
23.897743305478524	8.280615999304786	37.873084183701735
1.8977759064919164	78.06270299328682	7.131772571315532
45.69763490883535	89.387237354198	22.499705449189154
46.95570113243398	88.95746279097352	22.49970544918975
17.41131654690859	69.79362477417969	19.985547702684023
5.489803493604861	18.83881784448883	22.548359659727872
17.274821832576396	98.50775120872272	19.63074764919905
43.73100640132055	24.715689565842247	36.481749067936335
8.69871847873543	38.14070848858132	9.989825642590759
20.493479806095934	94.16375462543054	22.41071396190731
34.86156039533837	81.76462168253856	22.499705406921482
28.147022905497277	77.6012476370352	22.4996704433746
11.486248061669174	62.369756441195165	7.7429083470681315
6.29751680153186	56.69959990951258	7.174925017032679
16.542769114696288	84.93364720612406	17.143925364620166
8.663067526159612	31.063184317062554	16.95582121612309
13.50146959437361	92.48875122573914	8.842588130682762
46.20397386646413	70.80484269987248	22.49970544918948
28.11330726173426	70.53335720472768	22.49966924002789
26.70642597646946	0.4566712773530823	37.87467989798468
9.303564756659938	82.3879180866319	7.3402601701883
12.518823174453741	58.24341165083651	8.15092366272821
40.69344439368829	17.31423791609994	37.874779073794976
14.35807179511529	55.50286274428593	9.9619311563536
18.722400224222824	0.8456161170642518	37.45277098930099
44.764996970120805	69.17573054920194	22.499705449187875
27.660415083044974	49.760635542000465	22.499648426174016
8.060226666824006	96.70718608380382	7.242577423058349
20.60983950474328	16.83700271137529	37.82230526134984
23.794791630975908	55.87030966621146	22.49688509572639
12.00277675148117	14.512342871983119	23.65845308384789
16.80439904195199	74.02133214849303	18.134999313481675
1.970375122672291	50.28234012340489	7.131972550603734
37.447795237594605	29.136720367347834	34.59088876955111
11.700629903380449	41.547324814163076	7.810597543317181
34.394807131742105	19.674844334153253	37.87477902888373
30.722076007448408	2.4303491189376136	37.87477730094659
14.113920405327763	61.717782323965864	9.569588540318058
36.15947440007612	52.18160704736368	22.499705437647354
47.92886305340079	87.48113857674096	22.499705449189896
31.702617273339666	34.43882175206937	30.86295902184476
18.893560968491517	76.73199936933358	21.983605050199483
12.328866467098237	60.85817996700009	8.058057646885999
10.752760599828715	19.47059182857479	23.13866428494744
12.989589314418915	92.13686184982043	8.430127329607693
12.95636670628803	74.27657872081681	8.407735975588729
43.42800243510324	20.988866902561	37.62079678289383
5.71722707629902	41.44481992992103	7.1627537363796865
48.63516422576246	62.52466867061589	22.499705449189943
15.937334385105101	69.78170038190606	14.659508551525661
11.325597787736541	40.11216452973891	7.6967256114125915
30.091686656853074	58.022237785042066	22.499700457210235
25.433945465335672	40.12922161441621	22.499170366342074
21.980319176201434	95.8798488255463	22.48137379263226
2.4182046057207085	83.4787944796921	7.133380076174067
44.20655752932628	85.5379308938049	22.49970544918629
12.248822970032064	82.11715603997924	8.02175142203893
39.08383981693609	23.65968222497902	36.83781160763713
35.148194370136196	53.77162945898224	22.49970541745608
7.08138551119521	12.28786673009824	22.60683182574437
28.607364414463472	36.16569381231095	29.01057857506796
31.832888110922834	51.10839192284078	22.499704574983667
5.580086221691066	97.46991719423815	7.160352867839099
46.806081386785564	44.56060582623431	22.49970544918971
13.273931597254885	67.93705531253865	8.64218373517902
7.331675063689214	11.054632055149716	22.620925746775608
42.79595275158109	42.46100586677953	22.499705449174847
16.64010699490051	65.25608146055964	17.52328307933139
42.326710294148626	10.861133180026616	37.87477907386154
38.27898755389123	7.7044222781740395	37.87477907295258
23.803108271151434	73.23135581942252	22.49690892460439
5.5209555777244566	5.241139961884766	22.549119191157892
10.644752928436285	29.155838505879682	18.620143341772902
17.702449505535018	95.97107892930104	20.62476081064887
24.895271390155187	52.40779102581428	22.498783236625716
26.328256485680075	40.14462518346933	22.499488116926635
9.182712090017725	21.678120895268094	22.147271811902737
47.82651549236297	61.10393545592861	22.499705449189886
10.555194354606702	92.72309667441093	7.519301510738711
1.1079681841551836	18.046760493953062	22.505172551817246
46.40605429736004	41.51590185190618	22.499705449189577
32.78188225771271	12.972938987645987	37.874778848062
25.16279321483253	65.7279340835746	22.499001822688033
30.036776824354988	48.58601978502713	22.49970017516617
40.72066032977962	57.35374061568205	22.49970544906938
24.340247994795682	80.34285631220914	22.498086680108035
42.91850875030731	10.387417980381331	37.87477907386876
6.501163874913924	33.88798579708404	14.51838695775817
44.52106763051059	69.24601170432659	22.49970544918729
0.7074235658008188	50.18918240923881	7.129345222329197
40.049049311988256	63.63418084371315	22.49970544895391
37.70370448941909	57.66980753139105	22.49970544672603
32.86238278833981	6.882965627083115	37.874778865531795
48.62293993016662	61.25342477427218	22.499705449189943
20.740709776201665	40.99377910517072	22.43153091824655
32.850729135237195	90.94971251132519	22.49970513337148
28.954299832175124	70.2376027254369	22.4996898592331
1.59949334153357	67.73236582202267	7.131022937563173
17.244910767763322	74.7166590008881	19.548150955287614
12.737962888127107	49.24713876999998	8.271271323534469
27.810932394535048	12.62082282867314	37.874746347550165
27.29963401995742	76.73478983643514	22.499623552872546
19.61344906522482	58.20243383975971	22.267023369562644
9.020359646010313	69.78174042585471	7.312604690933043
21.16591506792339	24.441981010293258	36.54722365924771
22.804584490478945	19.13856751728614	37.869580438531194
24.131362354084253	23.99498838843257	36.7265854441447
2.367722225275509	53.092217948693985	7.133205230503497
21.650066344371517	6.42022566206103	37.85746710003619
35.30439887501013	4.842469568722274	37.874779055760555
29.26304746835835	90.37776973892183	22.499694005764503
40.45615795328656	88.7180963681242	22.49970544903286
12.202101223503693	4.056193631229155	23.774698038118643
17.56693022360354	14.653267097491629	36.367461052347466
46.51441328452286	66.43669460491897	22.49970544918962
49.00976654135793	14.36631164255675	37.874779073877676
37.78115897911145	52.44428871102167	22.499705446909672
9.8348614804877	64.3646404763444	7.4034572747060405
9.584964096654092	91.15871448844035	7.3717269466193525
3.9182150103647615	51.66837971059673	7.141206974973504
5.712555612549341	58.82695772784462	7.162669243971
8.006996951839662	68.88084029937276	7.239567995112722
27.400737507379176	81.68337401094222	22.499631454969425
36.29016202568926	20.79810279921206	37.671153554517325
5.480975262762289	33.87032668331389	14.506688998932072
21.906923990272087	59.87179822752502	22.479910080042714
24.56864358116158	19.240144557194295	37.87392214265771
35.7878195632934	16.189695762381007	37.87477906270572
6.567658722932884	10.399960753136527	22.582785573002607
40.29317584868372	92.2773792913544	22.49970544900505
30.91380069080623	13.861276034702108	37.87477761044227
27.044425441787624	73.97377310689784	22.499599637033352
36.45510732001387	74.06084274565072	22.499705440601677
9.791059309624561	18.079920717580556	22.90267262576438
4.904468542364382	27.933710521352218	18.824162745127754
38.83890730016976	22.219952359509442	37.27890814081332
30.512299097335998	86.58474429829994	22.49970217237735
37.40591959389845	74.20689948216088	22.499705445871328
8.855639031319468	8.732050957777682	22.75575739306107
7.510338922065945	80.54548536290717	7.214951985301801
16.341697881981414	35.370175002407	23.854719408902007
12.657200098318178	89.28644900550402	8.225132479465119
16.806394845797662	88.05944269177203	18.142180465553515
3.9144311700693435	89.44484707154108	7.141178967159434
7.002648226321084	46.00312314911198	7.195267526813867
0.2097235539843756	29.371334799865522	17.905636783292685
14.754997919265033	5.578854414311484	27.38092198619001
16.104190232279603	57.025265909307464	15.347018457901394
32.945569395532544	90.73159703177663	22.499705161953475
35.10702257429042	51.6696152828684	22.499705416122172
48.515021582186215	99.94132367684752	22.499705449189932
28.28353014376322	45.8352963695546	22.499674919875947
33.9860008748942	46.297228319583795	22.499705347726902
21.281553249537698	89.42992474461253	22.461438001033876
27.42942477271314	50.91800293855139	22.499633554684586
40.00950026329778	31.046148600202706	33.49466734793413
49.89092236251004	90.26715126843855	22.49970544918997
31.417305758428387	15.326176919280055	37.87477818960524
8.525266408203253	84.19065673177295	7.272459316124596
44.173821379267025	71.84102538365393	22.49970544918617
13.941215001432411	92.54543843110132	9.331407776467687